. 9999Ὃ99··

‚ 99999999999999999 , 9

,τ 99*9993999
9 999 9999 999999999999 999999, 9999999919 999
9999999 999999, 9199919 999 9999999 999999, 999 999

99999 9999999 {99 999 999999999999999199 999 959999 999 ,

999999 99999 999999999999 999 99999 09999999
999 9999999 ’(999 9999, (9 999 999 9999999199 9999999999
999· , 99 999· 999 ,9999999 99999999 9999999, 99999' 9999
9999999 09999999999999990939'999199999, 999 9999 999999ι

mmmmm&- -1 ··
9999 9999999999 9999999 999999( 9999999 99 999999
9599999999 9999999, 99999999 999 999999 ‘9999999 9999
9999 9999999999 939999999999 89999. Ι99999 99999 99 999
9999 999999 99999999 9999 ·ί) 999 9999999999 9999
99999 999 9999919999 99999999, 999999999899999991999 ’
,999999 999 999999 9999 (99999999 99 999991999 99999999

999 ’

«9399999999 ,
29 &9999 9999999, 999. 99999999999999999999 99999999
8999999 9999999999 6999999999 99999 9999 '9999 9999·

999‘999 &9999 9999999 9999999999 9999999199 (99999 1

ten

9) 999 999999 999999 99 9999999 999999999999199 999 99999 ·
· Mt 9999999999999 9999999999 9999 9999 9999 99 99 99

209999999 9991999 999 999999 99 999 99999 919999199999999 ’

99999 99999, 999 9999 9999Ε99999 99999999 9999, 999999 99
’99 9199999, 999 9199999 9999999 999.

’ 9'9'99999999990 ..99)ἶ .. 'J

 

