.’ 33 ’ 3333 3333333.
’ 33333333333133, 3333333333333333333333. ’

333 9 3333333333 333333 33333 3333333333 ,3333333333

,9333333 33333333 333. W 3333333 9333333333 33333

9333333333 33 3333333333 33333 3333333333933333

3333333333333333 3333333 33 uba 333333333333

3333333333333 3333333333 3333333333, 333 ut 333

333 3333333333 3333333333 333333333333333333333. ι
933 33333333 3333 33333.

33 333 93333333 393333 3 )3333 33 3 333333 temti
333 33333133 33 3333333333 333333) 3333333333 333
3333333333333333333 9333333333333333333333933

3333333333. 93333 ’3333333 333333333333333933333 333 “

, , 33,1 'um 3333 33333333 33333333 33 33333333, 333 W 33 333

9333333) 3333393333333333 93333333 &authen

’ 33 333333333333339933333333333333 3333333333 ’

3333 33333333 &W (Crttaftivstnffe)ab. )

3333 3333 33333 3333933333 ,

,9333333 33 33 33333333 3333333 333 333 93333 3333333333
, ’9333333μῇ33 333333 3333333333 ’33 333393333333ἔ3
t) 3333 W Wssw mah} 333333 &intem 3333333393333333 ·

43333333333333333 ,333333339333333333 33333 tium α

33333 3333333333 33333 33 3333 33333 333333 333333 babaz.
,933333333333333333333333333333 3333333333 333 bet
’,33333333 33333333 3333 We WWWRW 333, 333333 be
,3,33333 333 nm 3”’”3’333, 33333333 eit 3333333 3333. 33333333 33 333
33333 333 93333 monn 33 bic 3333 §offam 3333333333 3333 Dur
, 3333, 33 333 3333333 mam man 333 3 auf 33 3333333333 933
333, 333 33333 333, 33 33333300 0033139333 WNJ ⁴,

 

