-154 111111111111111111191111111111111111111
91111111111111111111, 1111911119 1111111111. 31111111111111111

111111 11111 1111111111 1111, 1111191111 111111 8111, 111 11111 111 111111
‘ ’111 *1111111 11 1111111111 1111 ’91 1111111111, 111 111 11111111111111
111111111111111111111111111, 11 111111 (111111111111111111111191
1111111111111191111119191111,11111111111111111111111111
1111111111 111 11191 1111111 1111111111111111 1111111111 111111, 11191111 x
111 1111111119 1111111111111111

3111111111 1111 111111 1111111111111111111111111 111111111111111.
11,11111111119111911111911111111111111,1111111111111,11111111111

9111111119111116111111119111911111111 11 11111, 111111111111111111111 ’

  111911111111111111111111111111111111911119111111111111111 ,

1111111111119111111111111111111111111111 1111111111111,11111111 .

. 11111,111111111111111111111111111,11191111111116111111111

11111111 11111111111111111 6111111111111111111191,111
1111111 1111111111191119 111111111191191111111111111116111111111), '
111 11111111111111111111111111 1111 1111111 11111111111111111119111
311911111111111111 111 11191 111 111111111111111191111 11111
11119,11111111111111111111111111111111111111111119111111111111111
11111 11111 111 111111 111111 11111111, 111 111111 1111111111, 1111111111
1111111111 1111 111 11111111 11 91111 11 1111111,111111111111111111111
’ 111111191111111 1111111111 11111111 11131191 111111111111111111 Qu*
¹frloebigung 1111191. 1111111111 1111 1111 111111, 1111 11191111111111
1111191 1111911 111111, 11 11111 11 111 3111111, 111 11111119111111
11111191111111 1111191111Ι 11111111 11111 111111, 1111111111 111111·
’ 11111 1111. 1111119111111111111111 11191 11111 111111 111111 &eiu
111 1111 6111111 1111111 111111 11111 11111111911111111 111 111111

1111

 

