,382 , 91919911 (9911119911 9911919999111,·Ἰ
·· 9999199199. 991 99991911 8'888888. 911919 '888 8888888 888·
. - 888 99999919 9999911193. 8140 9919999999, 9) 99919 919
Ε1999999999999991999 91199999 99999919 99199991999191991919199 ’
,11199199 888 888 91191919 8888 91999 999 9999 999999 9999999119 9 9911919
8888888 99919999” 9911 91999 9991191999 9991999919 399119 9, 91999 69999
91999919999999991999919 999 9991919999, 9919119 19991 19919999 8888
8888 999999 888 81888881 19199, 9) 999 9 88 9999191999 9999999 99 999 888
91991999999991, 888 888 1993. 1171. 99 99999999199999999119
8888 8818 9119199999 99999999 999, 919991919999919991919 199 3 9999.
j· 9999 9999999919999999919119999999 9999 9919999999919199999
9919999991 6999991999 119199 3919991119 99999 9999. 91999 88· 8

9911999919, 888· 999111999991191 88888888888888883 99 99 9199 9999119
88888888888888888888 9991199 991999. 99989199919991999999199991191
’-’ 19999999199119199191 991999Ὁ99991999 919999999191. 1808888

191 888888'8'83 888888808881 99999 9199 999 999 99999999 8888
9199 9199991919 8888888 991119 ’99999999991119999191919.Ι 9119119999 ’

j. 911949199999919919199999,ι1)99919919199191911991999999
’1,χῇ 91191999 9111999913 1899 1999991911.1 , ’ ’ 8
”Ε1Ἰ 888888 9199 888888' ’999999199199191999919 919199991191991999· .
, 9919919119999111999 999199999999999999199999991999 1

1991199.99919119119199199999919919Ε1991999999999991999

1999919919 99991 9999 888888888 99999 999999. 1999 9999 8 88 191919 999

9191199. 199999 1999 99 9999, 888 99 919999 3919 888 99919199 18119611·

999 11919 99999999 1199999999 9999999, 991999 9999199119, 888 99 919199

·· 188d888·

91)119999,Ν999.99991191999....199969

⁰¹³08V fflffisssdffl NJJSNJ 1991111911991999.191999ι9.’199..ῐ
⁶1³¹) '88⁸ *PuchDobkhTomVRpm . .

 

