11111111611111111111111. 345

' 111131111111111311111111111111111111 11111111111111114
111111, 11111 1111 1111111 1111111111111111111111111111111111111·
1111111111) 31 111111 81111 1111111 1111 1111111111 11111111

. 1111ςρ111111111111111111111111111111111111. 1111111111 111 111111

8111111)11111113111111111111111111111111. 111111 111111 1111111
311111111111111 31ὂ1111111111111 1111111111111111111, 11 “
1111111111111 1111111111 11111111 11111 11111111111111, 1111111111
1111, 111111111111111, 111111111111111111111111111111. ι
¹ 111111111111111111111111111,·1111111111 11 111 11111111 3111
111,1111111111111111111111111 6111111, 111 1111111111 13111111 Β111111
’11111111 1111 11111 111111 111 Beier, 111611111111111111 11111111 mari

1111111111. 11111111111111111111111111111115111111111,1111 1

1111111)111111111111111111111 111111111111111111111111. 11111611.
1111111111111111111111111 1111111 1111161111111111111111, 11111

1111111111111118111111111111.1) 111111111111111111111 ffic- ⁸

11111111 111 11111 11111111, 1111 11111111111111111 111111111Θ1111
111111111111111111 11 111611111111111, so 1111 1111111111, 1111

&tufi d) 11111111111111111111 111111 111 6111111111 1111) 1111111

men ·
geromssbiese 1111111111 1111111111 111 11111111 3111111111111,111
111111111611111111111.111 111111) 1111 1111111111 1111, 111111
1111111111 1111111111] 1111 1111111111 1111111111 1111 1111 11111111, 111 .
· 1111

1111111111 111111111111111.
11)11111111111·11111111111ι11111111111111111. 1111111111111

Wffifgff 111 111 11111111 11111111111111111111111111· Ν
1111 11111 111. 1788. 35

 

