1- - v1. ·
9999999999 99999 9999999 999 ,
99999999 999 ’9999 99999 99 999999 39999 9999 99999999
9999999999 999 999 9999999999 999 999 99
9999 999 9999 99999999 ῶ999 99999 9999999999 .

999 99 999999 999 99999 999 9999 99999999
99999999 9999999

’ mon 09999999 9999999.

m

Qo 9999 999989 99, (999 39999 9796.) [9999999999 9 cb 999 99999 99999999
999 9999919ῑὼ99 9929ιό9999 999 99 99 9·9999 99999999 99999999·
“ 9999, 999 999 9999999), 99999 999 999999 99999999999999, 999 999999 999
9996999999 nemen 9999999999999999 Ι99999999999999999999. &a
999 9999 9999999999 9999 999999 9999999999999999999 9,9999999999999
99999 999999 9999999999 9999999999, 99 9999999 9999999999 99999 9999 99999999 99999
99 9999 99999999· 999 99999999 9 9 999 999 999 9999999 99 99999 999 999 9999 999
9993999997,97. 9999999999 (99999999999 9999999999999999999 9999999
999999 999999 999999 99’995999999 99 9999 39999999 99 99999 9999999999 99 99
999 9999999999 99999 999 9999999 999999 9999 99999999 ,9999999999 99999 9999999
9999 ob 999 999999 9999999999 ,9999999 9999, 9999 9999999 99999999 9999
’9999999999 39 9999 99999 999 9999999 999999999999999, 99999999 9999
9999999999997999 39· . 999

 

