9199991190 111110090οι009 11900οι109 309 ¹

009009. m ,9091010100 91000900 0000090990 11000091109190 fidu
1990 00, 0099109090 19000 909000 9101110900091990, 00990101
90900 9110000 990191. 1110199100ιο 1109 900 we 0900199000 11ιο0

10090, 9001199000091009 0011 00 900 0010901900 mass„ m. ,999 ·

990 9000190. 009 0οι 910 00100ιο 901900 91090 6001191000 01091990

¹. 1011000000 000.

10 ’

¹- 910190809009001000000 14¹8· 9011009001 ’

' ῶιιιο 11091090 000000 900 mmmm, 910 9100 009 9010900 000
9010900900 11090009009910090 0009 100000090οι01010000900, ιο90 90100
919. Ε10190 90009000 0οὠ 91οι0 (9010900909, 009 9101000100 fid) 0009

91900000. ..300 3090 14'78. 100000 (1090010900 910 90090 90991009 ’

000 9000 90909090 900 Bruma, 900 9100900, 010 6109990190 0οι
900 91009090 9009. 1109090090 009) 9000090 4ο 911000 0010 19000Ι
91101900 009 ,11109000 0οι1) 91009. r) ἒ1090900 900, 909 90 090900
“ 900910990090000 9001900091090090110000 001000 9000010900 0000900.
911011 ι 0 0900 909900 90100009 909 10 91190000 910 901900 90009010 900 0000·
90119900 119090 9011 90900000 000090 ιο 0010000 90 000 9109011οι 9090 0009
-. 9190000 9010000000. &ie 0000900 9009019 000 900 91009000 0010 90000
1199 900 ·

99οο090 00100090 0011090100 0001001110 90000110, 00 00901 000 900 91100.
919900 910009ιο 900 ἶο9001000. peruenit 001 11000010 regnum 0
9010090090οΡ10ωο901000οΜΜΕΟΟΟΧ1111111009000000000009
900. 900. er 9090000 01190. 000900 90 9010000000 909 99 00000οι

ιι09000991010000.8019101090900900101101100900100900000
91060111000009019100000 900 1100000 6010100 1111010 80οι000090ιο
90100 0000009101ιο 90000009 0010 110110οι000 000 900 90100910, 900.

900 8000009ιο. 9190119 91190091. 11110091. 009 911009

 

