113 111111111111111111111111111113111111 ᾗ

’ ver 11311111 unt 1111111111, 1111111111 11111 1111111 1111111111,
111111111111111611111111111, 11111111 111111 111 111111 &tumn 1111911111
1111111111 modun, 1111111 11 11111Ὁ11111111111111111 111111111α1111
1111111 11111111, 1111 11111 1111111 9111191 ber 111111111111111111· 1111 ’
1811111111 111111111111111111111111111111111111111111. 111111 11111111·
1111111111111111 11111111111111111111111, 1111 1111 131111. wa 111 111111
, &ditonum -·- 110111 1311111111 111111Ι 1111111111 111 1111111111
θ111111 11111111 1111111111 111 ··- 1711111 1111111111, 111111 Μ
11111111 111111 111111111111111111111 111111 11111111 1111 aab mmmm .
111 13111111 1111) 1111 1111 111116111111111111111111111111 1111111111 ·
11111111 1111111111 1111111 1111 111 111 111111 1111 1611111111, 11111111
11111111 11111 11111111111111

31111 4111111111111111111111 1111111111111111111111111111.

1111111ὓ111111111111111111111 1111111111111111 11111 11111111 1111111 e
, 5th 11111111 1111 111111111111111111 11111111111111111111111 11111111
1111, 11111111 1111 111 11111111 11111, 1111111 11111111, 11111111 11111111
· 11111111111111111 1111111111, 1111111111 11111111 1111111111111 11111111, beo
1111111111, 1111 1111111111 111 1111 ban 81111111 1111111111 1111, 11111.
1111111, 11111111 13111111111111111111111111 11111111 1111111 111111
1111 1111111111. 11111 1ο 1111111111ώ11111111111111.. 31111111· Q
1111111111 1111111111 11111111111111 111 9111111111 1111111111 11111111
1511111111 1111111111, 1111 1111111111 1111 11111 1111111111, 11111111 1111 11111
8111111111 111111 11111111, aab 1111111111 11111. 311111 11111111
11111111 1111111111. 111 111111111111111111111111111111111111 ·
· 111 11111111 1111111111111111111111ῢ11111111111111111111111111..
11111 11111111 111 1111 11111111 111111, 1111 1111111 1111111111 1111 111 111111 -

Ι 111111

 

