D. 99669, 266666 666 6696666966, 27

¹ 2 69966666669661666966, mit 6666696666
69666 6666666 [669666 966666666696696 6666696666
66666 666666 6969666, 66666 996666 9666696 6666966966,
5 §mmm 666 9666966666, 6696 96 666666 669966
6 56195666669961669666 666 666966 666 666666 96666
⁴ ·.7 6666 9966666, 666 §mern bestebtnbe, 666 6666966666
666666696966996996

8 9666669699 696 666 6666966666, 6669 696 6666 6666 666 ·

9 ἑξῖἑῗτξᾜι 66666666 6666 9666 66, 6666666666 6666666
96966666 66666666 9666666666 666 96 66666·

ιο 66669666 666 669696666669669696 66966696669666

696 666966 9669 696966 9666666966 696966 9666 66 in
9666666666666669666666, 666 666 666 66666 66966 9666666696

69669666 66666666 666166, 96 &ameum 66966696, 666966, , ,

66696666, 9896966666, 6966999666 9966ίί 6669666 96 616 eine
· 6696666 66666666 66669666 96966 6666666. 996 9696699666

9666666666 666 9666 666696 in einen 9666, 6666 6666669 99666 .
66 6666666666) 666696, 666 866666 666 6666666666, 666

* 696666666666969666666695666696966666966666 6696666966

66666. (396 666666 96666696 6666 666 96696666 66666966 96 666
666, 6696 6666696 6666666 6666666666699666 6696 66 66699666 66966
6966996666 m 966666 (966696 6666 6666;66 6666666 666
. 69696 966 666666 96 bt 6666666696 666966 666 66 6660 666666
96 , 966

 

