99 99999999 99999999999999999999

,9999 999999 99999999 999999999999. 9999 9999999 999999 &anans
99999 9 99 99999999999999999999 - 999 999999999999999999
,9999999999 999 999 99.-- 9999 99999999 9999999 99 99999 9999
»999 99999 9999999 99 9999999 99 9999999 99 , 9999 99999 999999 999
9999999 zu lesen 9) -.

- Qie 9999999999, mit 9999999999 9999999999 999 9999 99·

,93999999 99999, 9999 99999999999999999999999999999999999
999, (coluber Berus‚) 999 99999999 99999999999999, 93919999 pre·

. 999) 999 29999999999999 99999999999999 matter (coluberc when

999) 999 999 9999969999 natm (coluer uerb aspis ,) 999 99999 999
9999 9999999 9999999 9999999999 999999, 999 99 99999) 9999 999

9999 9999 9999999999 9999 99999 999999999999999999999 99999 ·.
999999 99999 9999999999 99999 9999999) 99 99999999999999999 99
999999 999999 99 99, 99999999 999 999999 9999, 9999999999 9999 999
99999999999 9999 999999 99999 99 99999 999 999 999 99999999
- 99999 9999999999999 9999999999 999 99999999999999399. Qus·
99999 99 9999 999999999999 999 999999, 999 9999999999, 9999 999
9999999 999 993999 999 8999 999 99999999 99999 9999 99999999

99999999. 99 99 9999 9999 9999 9999 999 99999999 999 &einez .-
, 9999999 (9999999999 99 9999999, 9999999999 99999999999999

9999999999 99999, 999 999 9999999999 9999999999 &tuanen 99999,
99 9999 999 ε9999999999 999 9999 9999999 999999 99 999999 99999.
- Qun 9999999 99999999 9999999999 999 ’9999 999 9999999999
&omem ,9999999999 999999, 999 Qum 999 999999 9999

. 99999, &auct-1 9999, 9999999999 999 9999999 999 9999999999
. 9999

d) 19999999 99999999 3· 9999999, 9. ςο.

 

