- 150 6666666666 66666666666666. 6666666666,

666 666 666 66666666 66666666 66666666 666663 66 666 666 6666666666

6666666666 666 6 d> 6666 “ .
· gut 6666666666, 666 66666 666 66666666666666 666666, 66 66666 ,

6666 6666666666, 66666 66 quid) 66 666666 66666666 666666 66666666

, 666 mog. we 96666666 66666 666 6666666 66666661 8²an Ἃῧ6666

666 6666666, 66616666 66 6666666666 666 6666666666 66666 666 6666666666

666666 6666666666 6666666666, 666 6666666666 6666666666 6666 6666666666 . ·

666666 66666 66666 666666 66 66666 6666666, 666 6666666666 gebi(
666, 6666666 &em 6666 66 666 866669666666666666 6666666 36666666·
666666 6666666666 66666666, 66666666 666 6666666666, 6666 66666 66 666 666 ,

66666 6666666666 66, 66) 6666666666 6666. 366 6666666666 6666666 66666
6666 666666 666666 66666666 666 6666666 6666 6666666666, 6666, 66666666
66 rubia 6666666 nod> 66666666 {bess 66 6666666666666 66666666669616666
6666666666666 66666666666666666666666666616666 66666666 6666
66666 6666, 666 in 6666666 66666 (666666 6666 2666666666 6666666 66666666
666 &mise 66666666 6666. &bret 66 66666666, 6666666 666 6366666666
666 66666666 666 rubiam 66666666 6666666 15³³ 666’666666’666,ἱ 666 666
66666 6666 66666666 66 ,6,,6 666 666 6666666666, 666 666 666666 stam
. 666666, 666 1} 666 6666666 666666 6666666.
2166666666 man 6 666 66661, 666 666 [6666 666666 666 66666· Ι
⁴ 6666666 nod> 66 666666 6666666666 666666, 666 66666666666666 66 ’666
, 6666666666 666 6666666666 geben 66666. 66666 666 666666 um
⁵ 66666 666 666 6666666666, 66666 66 666666 666666 6666666666οὼ6 6666
666, 666 666 66666666 6666 §ung 666 6666666666 66666 6666666666166666

, Ι6666666666 6666666, 666666 66 666 666 mmmmm, 666666 aod) 6666 „

66666666616666 66666, 666 6666666666 666 66616666 66666 66 666666
· 666666 ,

6

 

